<?xml version="1.0"?>
<opencv_storage>
<cam_reprojection_error>7.7787816488308359e-001</cam_reprojection_error>
<cam_reprojection_error2>6.4721714891440807e-001</cam_reprojection_error2>
<proj_reprojection_error>9.8599762179514583e-001</proj_reprojection_error>
<proj_reprojection_error2>1.1501332270009512e+000</proj_reprojection_error2>
<stereo_reprojection_error>9.6806013919633360e-001</stereo_reprojection_error>
<cam_K type_id="opencv-matrix">
  <rows>3</rows>
  <cols>3</cols>
  <dt>d</dt>
  <data>
    7.0579141088775555e+002 0. 9.4939014301645886e+002 0.
    7.0836137366530227e+002 5.3432490271312793e+002 0. 0. 1.</data></cam_K>
<cam_dist type_id="opencv-matrix">
  <rows>1</rows>
  <cols>5</cols>
  <dt>d</dt>
  <data>
    1.3210097679314477e-002 -4.1511862377927575e-002
    5.4697755640360475e-003 1.6220870065659155e-003 0.</data></cam_dist>
<cam_R>
  <_ type_id="opencv-matrix">
    <rows>3</rows>
    <cols>1</cols>
    <dt>d</dt>
    <data>
      -3.1273691818424393e-001 2.6377473669765916e-001
      2.6779173425607275e-002</data></_>
  <_ type_id="opencv-matrix">
    <rows>3</rows>
    <cols>1</cols>
    <dt>d</dt>
    <data>
      -3.4695212969514172e-001 2.6254134215287306e-001
      3.4267150134397260e-002</data></_>
  <_ type_id="opencv-matrix">
    <rows>3</rows>
    <cols>1</cols>
    <dt>d</dt>
    <data>
      -3.4114650159670323e-001 2.6238324772228855e-001
      2.7297245563087855e-002</data></_>
  <_ type_id="opencv-matrix">
    <rows>3</rows>
    <cols>1</cols>
    <dt>d</dt>
    <data>
      -3.5723069098865651e-001 2.6072590703211451e-001
      2.6359831234435450e-002</data></_>
  <_ type_id="opencv-matrix">
    <rows>3</rows>
    <cols>1</cols>
    <dt>d</dt>
    <data>
      -3.2924764919089811e-001 2.6362463219241750e-001
      3.1762840594998565e-002</data></_>
  <_ type_id="opencv-matrix">
    <rows>3</rows>
    <cols>1</cols>
    <dt>d</dt>
    <data>
      -1.8217187424830630e-001 2.2866263154198161e-004
      1.2029905155369789e-002</data></_>
  <_ type_id="opencv-matrix">
    <rows>3</rows>
    <cols>1</cols>
    <dt>d</dt>
    <data>
      -1.6176463633894816e-001 -3.5470975131926659e-002
      8.3847035839952934e-003</data></_>
  <_ type_id="opencv-matrix">
    <rows>3</rows>
    <cols>1</cols>
    <dt>d</dt>
    <data>
      -2.1065374919237653e-001 1.0306141649670611e-001
      7.7584721451173337e-003</data></_>
  <_ type_id="opencv-matrix">
    <rows>3</rows>
    <cols>1</cols>
    <dt>d</dt>
    <data>
      -1.8927362404363607e-001 5.0677861957229653e-001
      8.2234542478675701e-003</data></_>
  <_ type_id="opencv-matrix">
    <rows>3</rows>
    <cols>1</cols>
    <dt>d</dt>
    <data>
      -2.0682066728369539e-001 4.7468617373155736e-001
      1.7401934168448208e-002</data></_>
  <_ type_id="opencv-matrix">
    <rows>3</rows>
    <cols>1</cols>
    <dt>d</dt>
    <data>
      -5.5381549282467490e-001 2.5838853130713679e-001
      5.9400045614339127e-002</data></_>
  <_ type_id="opencv-matrix">
    <rows>3</rows>
    <cols>1</cols>
    <dt>d</dt>
    <data>
      -3.2061832406319529e-001 2.6424611795604336e-001
      2.5378548805816699e-002</data></_>
  <_ type_id="opencv-matrix">
    <rows>3</rows>
    <cols>1</cols>
    <dt>d</dt>
    <data>
      -1.6437582861394939e-001 2.6203113174577136e-001
      7.5211710520993293e-003</data></_>
  <_ type_id="opencv-matrix">
    <rows>3</rows>
    <cols>1</cols>
    <dt>d</dt>
    <data>
      -1.4978001336033267e-001 6.7541380386575742e-002
      1.2266566187247733e-002</data></_>
  <_ type_id="opencv-matrix">
    <rows>3</rows>
    <cols>1</cols>
    <dt>d</dt>
    <data>
      -1.7207379657855293e-001 2.6484958519998630e-001
      7.0523779172331691e-003</data></_>
  <_ type_id="opencv-matrix">
    <rows>3</rows>
    <cols>1</cols>
    <dt>d</dt>
    <data>
      -1.5306307334053737e-001 5.9750911012932006e-001
      4.5381419578436751e-005</data></_>
  <_ type_id="opencv-matrix">
    <rows>3</rows>
    <cols>1</cols>
    <dt>d</dt>
    <data>
      -1.4844685079597900e-001 5.8773079249461724e-001
      1.6125356158462074e-003</data></_>
  <_ type_id="opencv-matrix">
    <rows>3</rows>
    <cols>1</cols>
    <dt>d</dt>
    <data>
      -2.1768570258375028e-001 3.5969533832225531e-001
      2.3994731801288871e-001</data></_>
  <_ type_id="opencv-matrix">
    <rows>3</rows>
    <cols>1</cols>
    <dt>d</dt>
    <data>
      -4.0628581185137463e-001 2.7956397323412358e-001
      -1.6679361839397067e-001</data></_></cam_R>
