<?xml version="1.0"?>
<opencv_storage>
<cam_reprojection_error>7.9077375939866090e-001</cam_reprojection_error>
<cam_reprojection_error2>6.7817006195141449e-001</cam_reprojection_error2>
<proj_reprojection_error>7.6855877558948560e-001</proj_reprojection_error>
<proj_reprojection_error2>1.6670223466661713e+000</proj_reprojection_error2>
<stereo_reprojection_error>1.1251505682850513e+000</stereo_reprojection_error>
<cam_K type_id="opencv-matrix">
  <rows>3</rows>
  <cols>3</cols>
  <dt>d</dt>
  <data>
    6.9974919910055064e+002 0. 9.6242945086387829e+002 0.
    7.0026621887928354e+002 5.2142525531147351e+002 0. 0. 1.</data></cam_K>
<cam_dist type_id="opencv-matrix">
  <rows>1</rows>
  <cols>5</cols>
  <dt>d</dt>
  <data>
    -1.2047740100737555e-002 -1.5309449522240453e-002
    -1.0916634077701665e-003 1.2355915610741224e-003 0.</data></cam_dist>
<cam_R>
  <_ type_id="opencv-matrix">
    <rows>3</rows>
    <cols>1</cols>
    <dt>d</dt>
    <data>
      -3.6770265238810518e-001 -3.5025964380616842e-001
      -3.0748146292112435e+000</data></_>
  <_ type_id="opencv-matrix">
    <rows>3</rows>
    <cols>1</cols>
    <dt>d</dt>
    <data>
      3.4173786306257559e-002 -3.1259604655212142e-001
      -3.1035768075136900e+000</data></_>
  <_ type_id="opencv-matrix">
    <rows>3</rows>
    <cols>1</cols>
    <dt>d</dt>
    <data>
      4.3387304726779996e-001 -2.6020443431086043e-001
      -3.0740425332934787e+000</data></_>
  <_ type_id="opencv-matrix">
    <rows>3</rows>
    <cols>1</cols>
    <dt>d</dt>
    <data>
      6.0160016618022827e-001 -2.8589383662671375e-001
      -3.0454487793198823e+000</data></_>
  <_ type_id="opencv-matrix">
    <rows>3</rows>
    <cols>1</cols>
    <dt>d</dt>
    <data>
      -3.3623026894288210e-001 -4.1247423793938115e-001
      -3.0685661301468361e+000</data></_>
  <_ type_id="opencv-matrix">
    <rows>3</rows>
    <cols>1</cols>
    <dt>d</dt>
    <data>
      2.7955715709119278e-001 -2.5757939199907515e-001
      -3.0938277552211577e+000</data></_>
  <_ type_id="opencv-matrix">
    <rows>3</rows>
    <cols>1</cols>
    <dt>d</dt>
    <data>
      5.8771068761092338e-001 -3.2559900028550814e-001
      -3.0483599758863944e+000</data></_>
  <_ type_id="opencv-matrix">
    <rows>3</rows>
    <cols>1</cols>
    <dt>d</dt>
    <data>
      -3.3584904210438316e-001 -5.2173898852984746e-001
      -3.0437759417354862e+000</data></_>
  <_ type_id="opencv-matrix">
    <rows>3</rows>
    <cols>1</cols>
    <dt>d</dt>
    <data>
      -3.2806952395378786e-001 -5.6509944880667173e-001
      -3.0346739125021958e+000</data></_>
  <_ type_id="opencv-matrix">
    <rows>3</rows>
    <cols>1</cols>
    <dt>d</dt>
    <data>
      -3.5028608410693290e-001 -5.5701672441464511e-001
      -3.0320351334820956e+000</data></_>
  <_ type_id="opencv-matrix">
    <rows>3</rows>
    <cols>1</cols>
    <dt>d</dt>
    <data>
      -6.6430969240019247e-002 -2.3982786931305017e-001
      -3.1117493127021731e+000</data></_>
  <_ type_id="opencv-matrix">
    <rows>3</rows>
    <cols>1</cols>
    <dt>d</dt>
    <data>
      -4.6638202258848377e-002 -2.6365086614228439e-001
      -3.1092360792942868e+000</data></_>
  <_ type_id="opencv-matrix">
    <rows>3</rows>
    <cols>1</cols>
    <dt>d</dt>
    <data>
      -3.4217834164523975e-001 -9.8117804041551238e-001
      -2.8904589121806636e+000</data></_>
  <_ type_id="opencv-matrix">
    <rows>3</rows>
    <cols>1</cols>
    <dt>d</dt>
    <data>
      -3.3565687293413565e-001 -9.2821192294874943e-001
      -2.9133309774686680e+000</data></_>
  <_ type_id="opencv-matrix">
    <rows>3</rows>
    <cols>1</cols>
    <dt>d</dt>
    <data>
      -3.4157751121942254e-001 -9.9001016729251257e-001
      -2.8857715868412135e+000</data></_></cam_R>
<cam_T>
  <_ type_id="opencv-matrix">
    <rows>3</rows>
    <cols>1</cols>
    <dt>d</dt>
    <data>
      5.1444180691245236e+001 1.9631405877843414e+002
      5.1557269068377218e+002</data></_>
  <_ type_id="opencv-matrix">
    <rows>3</rows>
    <cols>1</cols>
    <dt>d</dt>
    <data>
      1.9401826598684016e+002 1.9649717895785292e+002
      4.8053374261539039e+002</data></_>
  <_ type_id="opencv-matrix">
    <rows>3</rows>
    <cols>1</cols>
    <dt>d</dt>
    <data>
      1.7458260311787163e+002 1.9672869589014829e+002
      4.8100492662531451e+002</data></_>
  <_ type_id="opencv-matrix">
    <rows>3</rows>
    <cols>1</cols>
    <dt>d</dt>
    <data>
      -5.4949098518546364e+001 1.9765563152118392e+002
      5.2372472659828941e+002</data></_>
  <_ type_id="opencv-matrix">
    <rows>3</rows>
    <cols>1</cols>
    <dt>d</dt>
    <data>
      -1.4900675633119843e+002 2.0007741810313485e+002
      5.5167716760464691e+002</data></_>
  <_ type_id="opencv-matrix">
    <rows>3</rows>
    <cols>1</cols>
    <dt>d</dt>
    <data>
      -1.2179018967366876e+002 2.0083120184748310e+002
      5.5587702888533533e+002</data></_>
  <_ type_id="opencv-matrix">
    <rows>3</rows>
    <cols>1</cols>
    <dt>d</dt>
    <data>
      -4.7538686172480453e+001 1.9802537255248885e+002
      5.1431473937281010e+002</data></_>
  <_ type_id="opencv-matrix">
    <rows>3</rows>
    <cols>1</cols>
    <dt>d</dt>
    <data>
      3.5790691582863339e+001 -7.0420557624853308e-001
      4.9998620620423634e+002</data></_>
  <_ type_id="opencv-matrix">
    <rows>3</rows>
    <cols>1</cols>
    <dt>d</dt>
    <data>
      -1.1579957379463106e+002 -3.8272447276827232e-001
      5.2323749386140867e+002</data></_>
  <_ type_id="opencv-matrix">
    <rows>3</rows>
    <cols>1</cols>
    <dt>d</dt>
    <data>
      2.1510611241668724e+002 -1.7540712101050886e+000
      4.4778649952188084e+002</data></_>
  <_ type_id="opencv-matrix">
    <rows>3</rows>
    <cols>1</cols>
    <dt>d</dt>
    <data>
      6.6018815364699295e+000 1.8147764592039786e+002
      3.4521552905882004e+002</data></_>
  <_ type_id="opencv-matrix">
    <rows>3</rows>
    <cols>1</cols>
    <dt>d</dt>
    <data>
      1.3372350513049463e+002 1.8486284183477937e+002
      3.5130635968955431e+002</data></_>
  <_ type_id="opencv-matrix">
    <rows>3</rows>
    <cols>1</cols>
    <dt>d</dt>
    <data>
      5.4528404057304442e+001 1.9807070825712643e+002
      3.5014548505741720e+002</data></_>
  <_ type_id="opencv-matrix">
    <rows>3</rows>
    <cols>1</cols>
    <dt>d</dt>
    <data>
      -1.4665590920211633e+002 1.9939575054583003e+002
      4.1036219738919556e+002</data></_>
  <_ type_id="opencv-matrix">
    <rows>3</rows>
    <cols>1</cols>
    <dt>d</dt>
    <data>
      1.3068402111490843e+002 1.9813091334161169e+002
      3.3021164853909175e+002</data></_></cam_T>
<proj_K type_id="opencv-matrix">
  <rows>3</rows>
  <cols>3</cols>
  <dt>d</dt>
  <data>
    1.2893215525138737e+003 0. 6.1798335295366439e+002 0.
    1.2950779458281083e+003 6.8469011930127931e+002 0. 0. 1.</data></proj_K>
<proj_dist type_id="opencv-matrix">
  <rows>1</rows>
  <cols>5</cols>
  <dt>d</dt>
  <data>
    -2.2712439634750659e-002 -1.2324992218419575e-003
    -6.1669952656266637e-003 -4.4542359087121333e-003 0.</data></proj_dist>
