<?xml version="1.0"?>
<opencv_storage>
<cam_reprojection_error>9.4788962001427668e-001</cam_reprojection_error>
<cam_reprojection_error2>7.8084936966986529e-001</cam_reprojection_error2>
<proj_reprojection_error>8.9428910250865534e-001</proj_reprojection_error>
<proj_reprojection_error2>8.4091924350886116e-001</proj_reprojection_error2>
<stereo_reprojection_error>9.3975789690823841e-001</stereo_reprojection_error>
<cam_K type_id="opencv-matrix">
  <rows>3</rows>
  <cols>3</cols>
  <dt>d</dt>
  <data>
    7.0519840197290512e+002 0. 9.5789255273297135e+002 0.
    7.0640203564299725e+002 5.2075195293688080e+002 0. 0. 1.</data></cam_K>
<cam_dist type_id="opencv-matrix">
  <rows>1</rows>
  <cols>5</cols>
  <dt>d</dt>
  <data>
    5.4752543872042835e-004 -2.5396724818340780e-002
    -1.8676256872877672e-003 -1.3390794823407365e-004 0.</data></cam_dist>
<cam_R>
  <_ type_id="opencv-matrix">
    <rows>3</rows>
    <cols>1</cols>
    <dt>d</dt>
    <data>
      -5.1309719846366952e-001 -2.3344932224177392e-001
      -3.0812140665726879e+000</data></_>
  <_ type_id="opencv-matrix">
    <rows>3</rows>
    <cols>1</cols>
    <dt>d</dt>
    <data>
      -2.9964881762482687e-002 -2.9423724508048482e-001
      -3.1202267258497680e+000</data></_>
  <_ type_id="opencv-matrix">
    <rows>3</rows>
    <cols>1</cols>
    <dt>d</dt>
    <data>
      3.2837683198257500e-001 -2.3971574346712210e-001
      -3.1093269218435027e+000</data></_>
  <_ type_id="opencv-matrix">
    <rows>3</rows>
    <cols>1</cols>
    <dt>d</dt>
    <data>
      5.3398318670374721e-002 -1.5166908639190585e-001
      -3.1276233968897427e+000</data></_>
  <_ type_id="opencv-matrix">
    <rows>3</rows>
    <cols>1</cols>
    <dt>d</dt>
    <data>
      -4.1253576182914692e-001 -2.2235430966603933e-001
      -3.0996036870149788e+000</data></_>
  <_ type_id="opencv-matrix">
    <rows>3</rows>
    <cols>1</cols>
    <dt>d</dt>
    <data>
      -6.9778460738828751e-001 -2.9970615368074494e-001
      -3.0283342677695022e+000</data></_>
  <_ type_id="opencv-matrix">
    <rows>3</rows>
    <cols>1</cols>
    <dt>d</dt>
    <data>
      -8.5788180284205873e-001 -2.3943561903904095e-001
      -3.0003485554587033e+000</data></_>
  <_ type_id="opencv-matrix">
    <rows>3</rows>
    <cols>1</cols>
    <dt>d</dt>
    <data>
      -2.1655703081289249e-001 -1.1346275615534324e-001
      -3.1309339454609169e+000</data></_>
  <_ type_id="opencv-matrix">
    <rows>3</rows>
    <cols>1</cols>
    <dt>d</dt>
    <data>
      -1.6926060986689692e-001 -1.3175890770948653e-001
      -3.1321038421454763e+000</data></_>
  <_ type_id="opencv-matrix">
    <rows>3</rows>
    <cols>1</cols>
    <dt>d</dt>
    <data>
      -1.2031957078095211e-001 -1.0744156971541834e-001
      -3.1323215055020648e+000</data></_>
  <_ type_id="opencv-matrix">
    <rows>3</rows>
    <cols>1</cols>
    <dt>d</dt>
    <data>
      5.7974603175550499e-001 -1.7223673500810319e-001
      -3.0695075119428847e+000</data></_>
  <_ type_id="opencv-matrix">
    <rows>3</rows>
    <cols>1</cols>
    <dt>d</dt>
    <data>
      4.3109109236005522e-001 -2.1790017924932842e-001
      -3.0947427054957899e+000</data></_>
  <_ type_id="opencv-matrix">
    <rows>3</rows>
    <cols>1</cols>
    <dt>d</dt>
    <data>
      1.2128499003908227e-002 -2.4126317325946223e-001
      -3.1262549387237266e+000</data></_>
  <_ type_id="opencv-matrix">
    <rows>3</rows>
    <cols>1</cols>
    <dt>d</dt>
    <data>
      -4.3819471808916094e-001 -5.1688534300885824e-001
      -3.0333126626011477e+000</data></_>
  <_ type_id="opencv-matrix">
    <rows>3</rows>
    <cols>1</cols>
    <dt>d</dt>
    <data>
      -4.5042723368484294e-001 -4.9480277503200903e-001
      -3.0249536045882723e+000</data></_></cam_R>
<cam_T>
  <_ type_id="opencv-matrix">
    <rows>3</rows>
    <cols>1</cols>
    <dt>d</dt>
    <data>
      1.3711153243348403e+002 1.8043061329265711e+002
      5.0997882768692074e+002</data></_>
  <_ type_id="opencv-matrix">
    <rows>3</rows>
    <cols>1</cols>
    <dt>d</dt>
    <data>
      1.1761265809681368e+002 1.7918423166333551e+002
      4.9360849335596794e+002</data></_>
  <_ type_id="opencv-matrix">
    <rows>3</rows>
    <cols>1</cols>
    <dt>d</dt>
    <data>
      1.5882020944122277e+002 1.7835726905220321e+002
      4.8019168564878851e+002</data></_>
  <_ type_id="opencv-matrix">
    <rows>3</rows>
    <cols>1</cols>
    <dt>d</dt>
    <data>
      1.8709263281271291e+002 1.6817920195356098e+002
      3.2808456195415147e+002</data></_>
  <_ type_id="opencv-matrix">
    <rows>3</rows>
    <cols>1</cols>
    <dt>d</dt>
    <data>
      1.3257424132506182e+002 1.6780941288035208e+002
      3.3408329010684247e+002</data></_>
  <_ type_id="opencv-matrix">
    <rows>3</rows>
    <cols>1</cols>
    <dt>d</dt>
    <data>
      1.1417922785840784e+002 1.7506316957739060e+002
      4.3368470425655227e+002</data></_>
  <_ type_id="opencv-matrix">
    <rows>3</rows>
    <cols>1</cols>
    <dt>d</dt>
    <data>
      9.1884584289770501e+001 1.7254029152066684e+002
      4.0241062013280248e+002</data></_>
  <_ type_id="opencv-matrix">
    <rows>3</rows>
    <cols>1</cols>
    <dt>d</dt>
    <data>
      3.2016593459420974e+001 1.7012310842314955e+002
      3.7188635012084563e+002</data></_>
  <_ type_id="opencv-matrix">
    <rows>3</rows>
    <cols>1</cols>
    <dt>d</dt>
    <data>
      -3.4898638106724604e+001 1.6930735192988593e+002
      3.6179338914685900e+002</data></_>
  <_ type_id="opencv-matrix">
    <rows>3</rows>
    <cols>1</cols>
    <dt>d</dt>
    <data>
      2.0515096217793635e+002 1.6760421809602713e+002
      3.1748529870751901e+002</data></_>
  <_ type_id="opencv-matrix">
    <rows>3</rows>
    <cols>1</cols>
    <dt>d</dt>
    <data>
      1.2311360780014775e+002 1.7967977490897442e+002
      5.0054893578452919e+002</data></_>
  <_ type_id="opencv-matrix">
    <rows>3</rows>
    <cols>1</cols>
    <dt>d</dt>
    <data>
      2.6131268982078115e+002 1.7782727527936564e+002
      4.5774960177338767e+002</data></_>
  <_ type_id="opencv-matrix">
    <rows>3</rows>
    <cols>1</cols>
    <dt>d</dt>
    <data>
      -5.2215126544971525e+001 1.8328906813293816e+002
      5.6365737373744639e+002</data></_>
  <_ type_id="opencv-matrix">
    <rows>3</rows>
    <cols>1</cols>
    <dt>d</dt>
    <data>
      -6.0666975032920142e+001 8.3410633889773734e+001
      5.1938906636966226e+002</data></_>
  <_ type_id="opencv-matrix">
    <rows>3</rows>
    <cols>1</cols>
    <dt>d</dt>
    <data>
      2.1484830152914847e+002 8.2145411961417281e+001
      4.4061020124786216e+002</data></_></cam_T>
<proj_K type_id="opencv-matrix">
  <rows>3</rows>
  <cols>3</cols>
  <dt>d</dt>
  <data>
    1.2898674355894436e+003 0. 6.1814053330384854e+002 0.
    1.2936391680909642e+003 6.7223668014753264e+002 0. 0. 1.</data></proj_K>
<proj_dist type_id="opencv-matrix">
  <rows>1</rows>
  <cols>5</cols>
  <dt>d</dt>
  <data>
    -1.7580075783744313e-002 -4.8455896620046872e-003
    -6.2262610159374634e-003 -5.2055266973370339e-003 0.</data></proj_dist>
